0.06502031884964052,0.0013894274348089956,3.26560797265232,0.15555441367344697,0.19046818821297365,0.5037410792273015,0.0023360748517208415,0.07875,-25.45243602143655,2.21968798854065,-0.18346532584645686,0.30186385982329283,0.07470283549521482,0.40311210291651217,0.2373074326463293,0.13740704660188482,0.05887275412527717,0.03772989484282526,-0.10679093957599976,0.0072025972832908,-0.09189907871314663,0.054113945282363844,0.004454424863180656,0.01801164659066428,0.005472632358719348,0.017243442294310476,0.039713602814029005,0.014894908178437723,0.0028071714130478344,0.01840236927225763,0.06748912649089878,0.06285705723356655,0.004937402651785934,0.02281574064177238,sad
0.05658018130665833,0.0021332663973419826,3.2288726436788147,0.16141437063557443,0.20155622068726425,0.44059754711377885,0.0019471812684286073,0.06375,-25.24878478448453,2.136514874661744,-0.18261779448297286,0.39023719516941563,0.12979392783586535,0.40693553056319187,0.08567320930006651,0.0749580103993224,0.09776688408982356,-0.04901394253437762,-0.15524638532644364,0.026205062970838067,-0.13672479905397872,0.00587828537687085,0.0061556694311451325,0.009095538725176735,0.00376022277351721,0.014991877802362916,0.07176046926119106,0.24849571264024264,0.0011450827698205868,0.0012998580362556468,0.07197708303651537,0.029766723279323188,0.00530541241285656,0.06770779668971048,sad
0.10940919037199125,0.002888520002003914,3.2623494849627663,0.2598022761752707,0.2223871601086321,1.38945465216245,0.0019363308342429982,0.30375,-23.91626175439482,0.9949823518620265,0.46388925056209945,-0.11149620716213261,0.0344081881771293,0.5120560251042395,0.025941888466155492,0.2928598682028376,-0.2871458774333418,0.17917205691780688,-0.25271265346558414,0.11829685237536423,0.0766780407637371,0.015741049845760573,0.0047497809173833805,0.002619141537406895,0.004021789453258012,0.0063554385817057805,0.024086254670261,0.32312352203991757,0.0013567271797585026,0.0035266809705648437,0.04712151220734661,0.014689320672992792,0.0018790508777508713,0.08706148835151553,sad
0.1772428884026258,0.004418288019448819,3.220445577162132,0.2617216665886741,0.20534207066139326,1.85969150006835,0.0012592437367851305,0.31875,-22.661825197555753,0.7049221013486054,0.2678734785879863,-0.2508253610044889,-0.5299572647883255,0.6068434770119502,-0.034950343490242085,0.37452401037485,-0.15973056448153075,-0.10743563876402894,-0.11353707881777401,-0.02931291250721331,0.09208493018118717,0.008145704354716603,0.006155659469643363,0.005086147234050936,0.005012682869895978,0.00951497890443223,0.01312246952492788,0.018852480729510346,0.00238353013475793,0.002086004671266859,0.13721322139747394,0.010882226401878472,0.001974928299338088,0.03615256777371498,sad
0.16974054391997498,0.005890458072111388,3.2871503938869346,0.23465896596014446,0.20145084328441445,1.7436109518576224,0.000681176154674731,0.28,-22.074756032358934,0.9571834752033228,-0.05754907491515222,0.04532405411574737,-0.6282391353579576,0.6167925260932329,-0.16575569071416785,0.19085496668697158,-0.0689164385402764,-0.34882383122505795,-0.10971162979611619,0.2124390461063188,0.09063465070166629,0.011166529326911687,0.005003827693525889,0.005522629749080939,0.006141468804197484,0.010134575658229979,0.015245850288498855,0.11303968921786366,0.002289886277178963,0.00217638760893139,0.02595823341339536,0.02091226169521292,0.00797202864338734,0.029262955751443775,sad
0.11847452328852766,0.015604493460364341,2.97970116155357,0.17604118050873768,0.17868553303598525,0.9489542863738872,0.0023645512269937024,0.145625,-21.789059801967554,1.6920796816663117,-0.6631994896160864,0.17345287064850723,-0.5396709483961939,0.2691017098154292,-0.6393993747998332,-0.41733111240307824,-0.31550685661698735,-0.29526753925944027,0.30327897630761574,0.7484370609185148,-0.10236937799898335,0.005784179588933603,0.0005968994672449745,0.0026616367206384957,0.002972318442132133,0.0020448688535983054,0.005363562922285212,0.059952139636194314,0.00791277491655299,0.004100811611328314,0.018069154254116038,0.007674516877264444,0.0027548345938081123,0.015683312959797836,sad
0.08658955923726164,0.01611312007939827,3.033674387175604,0.16530212424454196,0.1862148722289547,0.74126531944862,0.0007294167156146975,0.1225,-21.965000998117045,2.0351879585926422,-0.7186653280112508,0.21855658890561355,-0.27338119378819975,0.14469051509930506,-0.6267951032598306,-0.5341166700325338,-0.3867442782755772,-0.14160624251297588,0.2231689975241129,0.700665899250981,-0.011496565083382418,0.005260041916196485,0.0008464065989217274,0.002477665517815925,0.005615845037309179,0.006206296196735882,0.01239409429146586,0.031710134766931956,0.005905349833361607,0.0028508519335752516,0.023770951302147132,0.015223127908491164,0.0025419092483641836,0.009181886052898554,sad
0.0856517661769303,0.010169998209738835,3.2036536251859076,0.1801416892188608,0.18787287099963185,0.7736265355839808,0.0014357354479676092,0.1225,-22.402928415461307,1.7810318253711277,-0.13749486856547052,0.14736823467055057,-0.22515852859338398,0.022555647633424415,-0.5450761569063988,-0.33773229823156653,-0.45509869236751854,0.2682862828236869,0.06481394020001613,0.7220462637876482,-0.02640374595424506,0.007314866488088597,0.002896369184964176,0.0035561772185064336,0.008285551520813717,0.00231161225780847,0.03364501192632958,0.07283262712399816,0.00944422673273711,0.002964986743802646,0.01723187977324359,0.0042278149887990625,0.00278993951561466,0.019722332613516143,sad
0.0753360425132854,0.014705932747715296,3.2452983882378605,0.18813857749207483,0.19720538331595924,0.5723827172161151,0.0023603670522560167,0.089375,-22.4477814163751,1.7217927839096436,0.10507357841331094,-0.4083176876789914,-0.38371538194009763,0.13632129505654594,-0.8129607989869183,-0.32058441189504716,-0.38747791424582556,0.7675040189275883,0.3283894016369347,0.4929942891661854,-0.009497216626746336,0.0027867384874193366,0.0014844136894409065,0.0034850438611755377,0.0014695162039942567,0.003798872889626843,0.011605008419958356,0.04720746275635374,0.0022673586227449014,0.03510863263213783,0.007585915777644637,0.004276370366631803,0.0008259463342992806,0.014369737904595123,sad
0.0772116286339481,0.012632112158552781,3.120375174933743,0.18412929920207752,0.19989909425691366,0.47774753694225663,0.0018369331232401171,0.08875,-22.992719834320564,1.8478397335590675,0.26172377156549437,-0.20300294557157347,-0.36528160808291193,0.03835024395520949,-0.8149812761647972,-0.20654014267688536,-0.15776705946903352,0.6453458956578809,0.2908916055141442,0.43935693411746274,0.06861190148698676,0.0028806701298953754,0.0014433368880557823,0.002512946616841048,0.0005363098460583422,0.0026302314957321353,0.00655909281265661,0.10738952042510849,0.0004855575873685045,0.0988592053415787,0.0040908852848421775,0.002225452173553902,0.0014783160941419526,0.03757926087002732,sad
0.07564864020006253,0.0130036755960497,3.0438111803869488,0.15640399246622946,0.1857923698389324,0.3394453488374434,0.005246793815030902,0.083125,-22.94251752305903,2.2850846938172995,-0.39261825050707055,-0.20869276471534556,-0.17153310114183248,0.3345182340832756,-0.525688746920157,-0.7399645761380661,-0.418180147008861,0.34123201065381514,0.5906376311249589,0.5870436730019276,-0.14514718280096148,0.0049599980594793175,0.0008510705758551921,0.0006488574479699724,0.0010782399875073738,0.0007732101805294373,0.006286789103014429,0.12832647829738014,0.0062435183910446454,0.004911385184732087,0.004732125588136458,0.003270548631239515,0.00073175713776221,0.03466796273615958,sad
0.06502031884964052,0.013821785463509722,3.1252872144434534,0.13939730565930572,0.16674948475224338,0.4149961104475402,0.00260479655896379,0.0825,-22.701766323898987,2.584609964304228,-0.5194857471561197,-0.37510095074758526,-0.00039712063519261947,0.30579002507465314,-0.4296710587700532,-0.7068275733200098,-0.520292216320077,-0.24893595220602574,0.2226192398617273,0.7542833175351017,0.20951258351811905,0.006560347914578712,0.0017678858832823568,0.0011843206719637299,0.0027121657320791025,0.023137933036292753,0.01134605679509761,0.041094999031164176,0.004832062082555224,0.001958554300209166,0.037330524359634354,0.0031035123783659125,0.002935258027478413,0.013725447474488527,sad
0.07408565176617693,0.012619903161646065,3.245153191126185,0.16835783467660861,0.1884508881703487,0.5905606678237619,0.00402153098109079,0.09125,-22.52887563720287,2.018690297640244,-0.19489408605574132,-0.7449217248075647,0.22871172165358825,0.5648169885235762,-0.3584058714715258,-0.18557151173500747,-0.6883632874376389,-0.5585279516994534,-0.43443962768941496,0.3594618734796872,0.47157318830442485,0.010904674776238805,0.001767405581706871,0.0029840707409374214,0.023972221073838278,0.06588037908810356,0.010028832519679226,0.03667320989958171,0.0007367569796478986,0.002416135178191862,0.018970349273063312,0.011906395908406923,0.006701368123238949,0.01812467850866754,sad
0.09753047827446076,0.02333332899108009,3.077452958584709,0.17119284922464778,0.17097133900133807,0.6534947858363022,0.0037520155106532745,0.105,-21.641793008284036,1.4067469511923947,-0.7521173802549479,-0.3475988104080954,0.4015409662286029,0.7933889957226306,-0.35781263049074397,-0.36665857795639684,-0.3832462812449398,-0.3885311899242445,-0.43435843502548654,-0.11402995958006155,0.22550810636423937,0.00794252791508819,0.0020651133681871482,0.005541383065728115,0.020035658972943775,0.00720188510190327,0.0022647649822514697,0.03235536302717302,0.0011864241679040012,0.022415226290645258,0.01888408394147063,0.0028966385613802587,0.0014860182027482878,0.009947283573712043,sad
0.10534542044388871,0.052144760467986814,3.093007334451503,0.15880152765358904,0.14767374636551944,0.6782831137768434,0.0029255372016986896,0.121875,-21.357980170224767,1.292155107989311,-1.3027269612289323,0.16837483768787845,0.5543802964493294,0.5251160153190827,0.06393398338735842,0.02611060403484538,-0.19085688951664465,-0.007275931940463875,-0.12775851121830936,-0.5980791047637342,-0.4045842200055548,0.0019349933124987893,0.002168112716522361,0.0038479481035585323,0.0011839559297666072,0.0021720221286334455,0.005103950500181871,0.0010226653106837841,0.0007237059444133584,0.005182748287039907,0.004066291753893682,0.0020079122891581446,0.0010015590451659276,0.001536436778753893,sad
0.10315723663644889,0.044886443065754233,2.9186430329821262,0.14367396342316963,0.1403426647197589,0.8137606096777898,0.0018381555061768625,0.145625,-21.377374895172455,1.9759105927608243,-1.7396160694216194,0.042758110628690456,0.6114129563733116,0.13463849706429482,0.16163102635064966,-0.06655254222937108,-0.21463950256433867,0.3471027316932517,0.11328095362248793,-0.40320636774036794,-0.4897454197598084,0.0019828905716896437,0.001032996328440421,0.0019696036807823948,0.001803530868632996,0.0013751352285922191,0.005024035290621941,0.001911875032758622,0.0023856764554043277,0.0406507590204248,0.013491626788447997,0.002943691954646924,0.0004990544604870098,0.010887285626917795,sad
0.09659268521412942,0.011003032011914242,2.829281353960026,0.14427125501347737,0.14987756230736216,1.080833091943035,0.0034019125542997042,0.148125,-22.37040357958805,2.280786301282054,-1.5117551396433107,0.03973581518311271,0.27672231219451265,-0.3411532015327559,0.1629142116201728,0.06994310318034434,-0.5808303751705315,0.2366637786879308,0.14778095712365547,-0.2898793254270759,-0.4862286257983897,0.0067832544183048515,0.013010791805077127,0.020050680450789303,0.0028837443924221453,0.008282490709962382,0.009166942347914214,0.012122874340164215,0.006318766894363067,0.0028418933415076822,0.028011152702511165,0.008206994939057832,0.003389184572162078,0.0071602732593755184,sad
0.0962800875273523,0.0049951378971232795,3.2073060423753508,0.17852743622800069,0.19793248013186593,0.6572181568654606,0.003168354523522549,0.099375,-23.407764845828574,2.3640104946747496,-0.1636443132180774,-0.24409908889107115,-0.04629091636027416,-0.14081840421307473,0.016836370203831323,-0.01468377265712132,-0.36565460215804585,-0.13428681135879258,-0.013182917095364484,-0.2926139445948736,0.025525976164574124,0.00983496268882987,0.008799356557723223,0.012171695850999267,0.07895695662152791,0.01044215584923962,0.022739042093056782,0.04149832793839571,0.0018085580189547883,0.0030728939640141204,0.01857274667528448,0.0063881548843197486,0.0033870237665711753,0.021146789996014936,sad
0.09534229446702094,0.010201501290067805,2.8725609418276976,0.18803146564522086,0.21149017098697676,0.9106165760101981,0.003595418785584481,0.1075,-22.974393864567983,2.267306031448082,-0.4045374900612377,-0.3863593589236554,0.3137582692533523,0.2922832658211956,-0.283267889297728,-0.26889016991662423,-0.22478494322145723,-0.9104218060185394,-0.14805259893102102,0.37928529634995817,0.6227762580869048,0.008997539531418035,0.004931438305133823,0.004774562984059298,0.015396399755308666,0.025767217338901558,0.00746854483155646,0.027795865467463595,0.0007709989149267928,0.0003637503832564498,0.010315529436359766,0.0032164916372300883,0.009032760035783533,0.008562499669619819,sad
0.1015942482025633,0.016197897474068686,2.9384066247661575,0.18021024578409178,0.195240799788804,1.264057815308631,0.0024339446634242027,0.1075,-23.051212517161005,1.8549345018219356,-0.4805621631259075,-0.03969970634518564,0.3090753293041923,0.31359016979733334,-0.11919155542863326,-0.404274585059942,-0.3513632052226587,-0.6874588337083039,-0.3227631155598673,0.4491336881267963,0.5203204086353409,0.0015472221270442107,0.0014549414003972498,0.001612675589650512,0.0015466217273683843,0.011519966507303013,0.01179001277690961,0.015456990019058175,0.0003401462229512303,0.0012047383967424736,0.001571396832856394,0.0012831831644436959,0.013417646275017276,0.005610768501534574,sad
0.10597061581744295,0.01086769544690944,2.67895527563368,0.17682195671265746,0.19202661186540015,1.3623806271533012,0.0017578303620058235,0.11375,-22.974150356340097,1.8236096077180741,-0.5828226515746514,0.1395881221017392,0.36973322698184047,0.3212827137972152,-0.29985946999427426,-0.3644435109326148,-0.22342731907031893,-0.5202133284703893,-0.3748323702837434,0.5643237550063329,0.44184330075429734,0.0028184973667026653,0.0007310756818698304,0.0032807636458088312,0.010335824180545116,0.026811792462975225,0.007322110308601622,0.014388664338941976,0.000647663617785981,0.001829131111246571,0.006989577949612776,0.004864543712844149,0.03406557767728498,0.01023766403618207,sad
0.08283838699593624,0.010157451950548561,2.905361323234536,0.1617572330990851,0.18453749108452314,0.8646118845097253,0.00443542265597207,0.106875,-22.66581479454731,2.14606797251493,-0.7416664773415411,-0.21355159709781868,0.055491658921476276,0.3491753442536947,-0.16612307748243615,-0.32680440206636746,0.2080141286763774,-0.5917790648793633,-0.5814451151320512,0.046544381467852516,0.4219937658928174,0.006569517682955714,0.0012013463593950494,0.00456184561139463,0.06001431427234216,0.006946247410086459,0.027641341500832084,0.03487766673287216,0.0006620422030523034,0.0017259307714791443,0.006199557791951846,0.012153616308049354,0.007708135105257067,0.017149109154464267,sad
0.0806502031884964,0.016281189263958034,3.2047466827502378,0.14337031715171902,0.15481913728520405,0.4154504217223677,0.0023786162693329588,0.0975,-22.54885678437174,2.2195874106269513,-0.6925065663744813,-0.5001277698028204,0.22291913101046587,0.8473903206139133,-0.06848456537933302,-0.5487918631314332,0.19529736763943528,-0.5460881478142365,-0.6572956949451162,-0.1811301079137856,0.03329806760395032,0.0028519801641703315,0.0020577777650763567,0.01574079252820793,0.04492862819169625,0.001301839829546711,0.019159487289347358,0.009733639675864238,0.001571976184412671,0.010048445319238286,0.02185538790082121,0.0069626572061211945,0.0017451592777697328,0.012209431231783953,sad
0.08690215692403876,0.009766924581255785,2.884918106884058,0.15183086224538136,0.16771694482511754,0.40960912275642875,0.0023519302161408,0.095,-22.99561428808587,2.1371954275837295,-0.6485554899285015,-0.2522777739221068,0.2348767044568489,0.6330565447980653,-0.09278648453417125,-0.34466185927598947,0.33783842859603164,-0.16566114015241093,-0.6634365711403347,-0.348242073390987,-0.30679008891477894,0.008909688689384427,0.01366064694895805,0.006513647972140202,0.0041242866922685615,0.009834956099446344,0.00850464603040546,0.01097710139897498,0.0020998734448417194,0.025806711607186887,0.03193184946157427,0.007128997046406636,0.0015435394576161024,0.008790909213026811,sad
0.0806502031884964,0.0024563582052348474,3.2044578070941876,0.1523773440979859,0.17373251491533606,0.5808810973087823,0.0034382618540596643,0.091875,-24.28037643748374,2.230599737836254,-0.20904423945375547,0.08621061651231687,-0.011725096006307813,0.35235573410671733,0.052641331630931126,-0.04939704199085008,0.18133704235163536,-0.08944150555097158,-0.42700998381253236,-0.13943541381868943,-0.35277213434546895,0.017227651287931176,0.09265632018861808,0.025303153272463515,0.005984754204478133,0.0029704110326806083,0.03665864162307575,0.03581552106358773,0.00029921446682144403,0.004389274605919173,0.027537726316010532,0.014074290886376298,0.008666128663472933,0.024320609703829692,sad
0.07127227258518287,0.0017100468280367592,3.2502737194228075,0.14344597030724068,0.17991962657072327,0.4695668857420144,0.0018798451389162737,0.08625,-24.895716977583046,2.5766230871562663,-0.016512667714079,0.3346521651638686,-0.00490874277580111,0.2618991477922624,0.02264520541505963,0.02043646992521649,-0.03650463908722687,-0.07115892084026801,-0.3037959059254991,-0.22077257539832962,-0.22753328887974847,0.015622185383856249,0.027763659124696655,0.016681525493320755,0.013428681977224289,0.010938316680045496,0.06633258953478455,0.017172824488911307,0.004168523643479122,0.013148085339246695,0.036918604216549834,0.022287913531068793,0.006424796506518258,0.016160434631376865,sad
0.05845576742732104,0.0018294043383408891,3.16881400842675,0.14774799898780666,0.19231006606037795,0.406208391111558,0.0012244589379673708,0.0625,-25.167185996442107,2.513294597231621,0.07942662935449103,0.48719611409665714,0.15019205095291965,0.31315613201307396,-0.013413954487429281,-0.00977994322793452,-0.07310536511814228,-0.1830461068231773,-0.2507380358429052,-0.15807132597171708,-0.14637747222757158,0.0317926877931463,0.006022963771103692,0.019207931399989955,0.014629339016559743,0.01648315122703884,0.11469079389528918,0.055478555496472064,0.00591607206063444,0.013741278752968026,0.058812982638905185,0.0658017746591467,0.005254389028860608,0.03203286685860138,sad
0.053141606752110035,0.001608633232402642,3.1307958887804723,0.1472565251927281,0.18827113124480807,0.4153559114297686,0.0019974343378586948,0.065,-25.342749754437328,2.430048451312915,0.0015818112808049425,0.3889773275206472,0.1227811071445261,0.3551367194270892,0.03727286129993999,0.08165162783233246,-0.03209328358475719,-0.08298778099713412,-0.14743184788117608,-0.055619681778976,-0.07707299189358632,0.023162829035146226,0.009624249609946246,0.018032891857559043,0.00537850842157894,0.0317889607506584,0.15034392729350002,0.07453721870375447,0.009126025465559186,0.013515711713472099,0.2056673789588147,0.04342492774588949,0.003950951076768034,0.061747452942755854,sad
0.052829009065332916,0.001827206259825889,3.100634815147067,0.14942266391381867,0.18986858897600317,0.4032831789082269,0.0016547111152831434,0.063125,-25.309195829220346,2.3542724364721335,-0.04511978663784226,0.3470573694061913,0.12637485435134652,0.33219838649173794,0.018445985710833068,0.11322595476590486,-0.07001461253197439,-0.17413330821909764,-0.08418458059342555,-0.11093574069820714,-0.07976329981515128,0.014267346085393554,0.012073154817259926,0.011712894355616291,0.004354010018475339,0.023860037028992274,0.04737235446775017,0.10112551698259664,0.0024349270200470685,0.004537229382558269,0.2984954338967365,0.011469789219861217,0.0017634492002018632,0.08118419068866536,sad
0.0665833072835261,0.0019509393307433653,3.110122302206569,0.15177386963239012,0.19166797533612653,0.45110437440103196,0.0010516735662635481,0.070625,-25.063291194053004,2.227754872888909,-0.12832772899831815,0.44862842132668435,0.1451834699229879,0.3601362284107835,-0.024823817004905782,0.0781082973649125,-0.07732280112426403,-0.17539027747401503,-0.080290462809287,-0.12740606413704644,0.04290446132118696,0.03201004514512945,0.010879090507220546,0.017952173746948276,0.006952993395226066,0.027495294908882414,0.060960629452167577,0.04442078441676298,0.0005199901816932989,0.006795817671085504,0.17525487597729958,0.043213649364452475,0.0018906831079152984,0.045917235830540484,sad
0.06689590497030322,0.0020128141001177196,3.2025547322138426,0.15392950284839302,0.18521555458947925,0.46430075284987815,0.0029736814728180522,0.07,-25.236796291554235,2.06937883697344,-0.13757992363494698,0.4582422856986729,0.12137241941253199,0.34513094929857696,0.1341461268533088,0.11292062794027062,-0.0031877835593618563,-0.05524178600351346,-0.08725804456475542,-0.2785133604770291,0.0031165567791006563,0.027239302507743837,0.004867586633769422,0.02417630316900648,0.007584246934416245,0.04504928193289577,0.03758353282868083,0.44524247530457134,0.00103751301481183,0.005602445335085997,0.05514366583269788,0.022139968078092563,0.00550785634319851,0.11832786007884516,sad
0.053454204438887154,0.002272961837295301,3.2748106238439973,0.16436196931049168,0.201826786653259,0.42385853583756117,0.001678390230343129,0.056875,-25.204793677179424,2.0413580408408785,-0.06675571532504303,0.40274897989560654,0.08291174354153386,0.21885279891290257,0.008059051793397411,-0.00811618867405115,-0.06767405648366115,-0.12448118697449385,-0.15728507627677357,-0.39105163368328616,0.002149184091868595,0.05994447073290297,0.008125062259460566,0.020034329544756053,0.005679197963123254,0.016510546591754174,0.012738511489352327,0.28416673079424826,0.000726112731619027,0.0031094141946581186,0.2133359970719119,0.01726271799211498,0.007958048011590356,0.08944192894732093,sad
0.0665833072835261,0.0015354185976909542,3.1905597311081015,0.16070718829575145,0.19433213407543382,0.505401937348117,0.0013404670483335237,0.08125,-25.232358744130742,2.2329501342101628,-0.10970811196046112,0.26836301321203465,-0.008615989457093437,0.14773070651041056,0.004032568094176085,0.05546449459133617,0.02024011812718722,-0.11279271313891553,0.0190337394028563,-0.15590115652187392,-0.05433913318954056,0.020859482267175,0.01346404684127867,0.019104834641237748,0.0031443004568042637,0.0063295913564956575,0.03462299062963286,0.1950629002107686,0.0030961114880878014,0.0014562923888885469,0.1494233423880481,0.01915608402561944,0.002030339119746426,0.06107182935084921,sad
0.06783369803063458,0.0011553550418089338,3.258833916710868,0.16348202439187728,0.1976577230512419,0.6123189620789784,0.0013051108478098158,0.095625,-25.217174213305704,2.3000218714973135,-0.0805266925960408,0.3004047767968624,-0.023346632178356468,0.0875359386552957,-0.045207562428644606,0.1625970923414507,-0.035399322043330905,-0.07717368976128311,0.05069587582073316,-0.06141320571169872,-0.07218977431107107,0.010927476522130525,0.014186142054780351,0.02237238119299376,0.004424789521157712,0.010830680551854606,0.119547034201914,0.049008892953956856,0.0022610651383361924,0.01602162393744222,0.05208343129901688,0.04554269815619039,0.004127857681358168,0.03218538725688602,sad
0.05658018130665833,0.0014469410960999446,3.2410540186990704,0.15427264707130955,0.19423834110315905,0.48190122878336866,0.0017301771057812783,0.069375,-25.32915221951751,2.3617693236631556,-0.027678476558928283,0.3213078727118876,-0.05661141370968338,0.1205957910135474,0.057986058038693146,0.18549924714993188,-0.06485849050501699,-0.11127119419066205,-0.1555022406570872,0.021384101370644622,-0.08181918290405263,0.0373287415139669,0.007267081165596799,0.03982218774469461,0.012774998888079649,0.04252986163300859,0.11367602420195028,0.20112039292729234,0.0022063388173270302,0.00879367440433449,0.05050676090750574,0.015865633018100227,0.007001024356419192,0.055609582478802634,sad
0.052829009065332916,0.0016498782944495789,3.2494019288091254,0.15315454336604908,0.19273817137531696,0.4038006979349111,0.0012683162198504135,0.06375,-25.39568450315285,2.3896228665299755,-0.036374066426759215,0.3950016796260648,0.047593870548496404,0.1192669193773336,0.09404607833564887,0.047009655523966465,-0.03126188926710823,-0.15519050781443275,-0.2503586158068766,0.05071437006426908,0.046011326940713554,0.0626050605579117,0.006089557533993856,0.019186878972663083,0.005095080596150986,0.004869587932260815,0.14523334895189344,0.24954369942279403,0.001815630779191001,0.015603307667408051,0.021191328644870236,0.01861916123881233,0.006128253974404934,0.0724911297202925,sad
0.061269146608315096,0.001544147478979576,3.2187485398526863,0.15333581495480275,0.1887249999308156,0.4604801509277752,0.001060766955379936,0.07,-25.351973721352863,2.308156708014153,-0.17692190673498046,0.36917826427911155,0.0527276673155331,0.2589720645779113,0.03147972852787898,0.17938727874861932,-0.01983217035675909,-0.13958679406562322,-0.3175436506546562,0.018991416182745205,0.1018167091160715,0.01767695458015264,0.01026575856992532,0.00885203017290213,0.007469565720240674,0.019192356487985767,0.11240478601646704,0.26601989188938874,0.0007255953733104937,0.007554189786874278,0.03481410943543933,0.009086321443167613,0.011552441736505513,0.07331644891060242,sad
0.09159112222569553,0.0020165058022349916,3.17747521665769,0.21521725305113498,0.2360383452811853,0.6241122971170124,0.0012624343080334306,0.09125,-25.183096374109574,2.2640151707299028,-0.1923941486440759,0.19545902184116098,0.07025514431624238,0.22304292219694896,-0.09389912856049616,0.030332288637543885,0.04964284365389738,-0.12567221467093329,-0.15968551618808235,0.06062437465881863,0.13207343701114146,0.010411454913340789,0.0015298326877175264,0.008000843874523685,0.0022962324143324456,0.011511511992192018,0.019375180040216235,0.38183228019458726,0.0010569957155106542,0.0028470838125565397,0.08504367203838041,0.04845719786852976,0.005345281343173791,0.10339647786146547,sad
0.09534229446702094,0.0024922791343758117,3.277136199099864,0.22032293420367932,0.23921702610908427,0.5955436716000927,0.0011675422012231934,0.078125,-24.910686760831624,2.2519386560774453,-0.08854093592308628,0.013494304552005424,-0.00593861350376095,0.04500065378507161,-0.174726127693854,-0.18091256324280722,-0.07721931293454827,-0.18846812483275335,-0.10847830006624028,0.201721370374577,0.19922477236541877,0.024316162684202662,0.001653031732750952,0.0076202971264809315,0.008138782348171426,0.019464068190686037,0.02548970914546856,0.26810736034942906,0.0006756016969480854,0.0012359330504689795,0.1631158397486902,0.010337197473999107,0.001478280353099199,0.07999662197324724,sad
0.07095967489840575,0.0034212079790885285,3.129174471497449,0.17374050198496516,0.21231618327305876,0.3850213240430124,0.001736684707129567,0.050625,-24.647342501159947,2.4198295730400825,0.2556064550089808,0.23421568854176075,-0.09449752058371083,-0.11326025977955781,-0.2495201650024576,-0.2709335984900698,-0.19087891604524354,-0.3762896769309959,-0.08236942153213714,0.18301803876838818,0.24320997457733826,0.013231510490462627,0.0010084053826944453,0.011148328885512015,0.013706956674315564,0.0424653563951807,0.055180206427784324,0.1433788688864733,0.0012362037215394826,0.0027367238911389018,0.031101235552244415,0.005641726873729276,0.00542986207671039,0.03879516302987957,sad
0.06283213504220068,0.004262406929471342,3.082170614724992,0.17622974273790962,0.22748272134585862,0.32994785689523276,0.001592049860578197,0.04375,-24.406528589733693,2.5835160673519852,0.26381013056191344,0.2421149364977005,-0.029604223365424807,-0.05031247985433795,-0.27846305331712023,-0.3354889753693749,-0.22892405424285053,-0.24871265201816037,0.03570770027638447,0.15977441796038833,0.26496049824252815,0.02114999732279681,0.001641485611881632,0.00719344945726468,0.024396986606578065,0.04501733070514622,0.06189644948202256,0.15462269363791864,0.0009314920921490008,0.0016289774142561463,0.010138718241244172,0.020607378189983087,0.0013984965631874176,0.041983215070160444,sad
0.051891216005001566,0.0066038060135099694,2.8924885128008655,0.15038925153320304,0.19729162305525233,0.21875138883758366,0.004035356694613825,0.035,-24.451917661792702,2.531449713754104,0.24637263572218132,0.14100617603818605,0.1710211336430412,0.022253095204417303,-0.22302526077546755,-0.3408367150393493,-0.43534136114543776,-0.3895904757025895,-0.4424216897856095,0.11229802492717363,0.2678124954690946,0.011463893629857932,0.0016294337876789388,0.007521702225939497,0.05257857648034928,0.02211581085951385,0.033432484881031545,0.13985740911491495,0.0008991402064869244,0.003024212816847353,0.03746544393531911,0.0048334791857394775,0.003761138110169289,0.03776605993041457,sad
0.04845264145045327,0.007628498239333826,3.0716495829347887,0.1511530924240433,0.20017524255060318,0.29718972210013606,0.002925355940592214,0.073125,-23.540326161531667,2.6044804061433147,0.1185296163771562,-0.13502137441358586,-0.01042487805339373,0.15321478665179178,-0.40650924087136625,-0.36352870345110405,-0.6097113334957269,-0.25136524458472964,-0.20506204624350793,0.35863699049751957,0.2938334262695183,0.010259422723016672,0.00018236052511149333,0.009228302072135833,0.04763222540921285,0.013225927780765824,0.024640645280179913,0.030244360786368375,0.0008340720049172798,0.003609206968992812,0.03575292660504319,0.018927760645415122,0.0020628299870516778,0.014690223290960834,sad
0.07252266333229133,0.009124599469153198,2.9483804627209937,0.1412277366022131,0.16365079431319837,0.6111521912608872,0.0024999453627005193,0.100625,-22.37137579814524,2.4445307188089687,-1.0458839689333708,-0.21135194186784867,0.3315520296297261,0.5049065218036232,-0.32811072503515276,-0.4792768045717739,-0.429850162665512,-0.014685662700604816,-0.36381323960124107,0.22207605767183602,0.2501794980281072,0.004030083433576509,0.001637235062030468,0.01840146869087827,0.032338650978862994,0.012578229293685558,0.023623098716155498,0.06355004804997316,0.0016874668726251842,0.005166977452037736,0.02287767826791967,0.007569857682261375,0.007552499260582273,0.016976151798396115,sad
0.087527352297593,0.010455253938464632,2.9686188382640686,0.13504200622023307,0.14469188077886627,0.6356655949509648,0.001531678910671391,0.1025,-22.47712844493191,2.3202580636630015,-1.3891369969121965,-0.07484356776296788,0.3726997246182933,0.5828765730270363,-0.2523255275759536,-0.6054217601181123,-0.2986962831912438,0.019917853096382932,-0.5358735064870864,0.007051759068137094,0.03126899181392812,0.005672723241155802,0.0015930631925424794,0.008512870844264572,0.023073285337913477,0.004587427568716966,0.009223809550531167,0.04108126041174466,0.00031964723127665543,0.006278905775902409,0.012769260246438143,0.0099419498508616,0.004962493859175472,0.010776966977569667,sad
0.07971241012816505,0.00542211243259143,2.821134965855376,0.14954639293604596,0.17383314100147512,0.5702833467863939,0.0013426846440942283,0.1,-23.213156742979752,2.350752562973488,-1.1469359041450047,-0.012898736129835973,0.4037906089958414,0.6705349460249133,0.007118505444185162,-0.5738661322804458,-0.17171613453704923,0.14096772105939684,-0.4751480852142764,-0.02251606171465307,-0.1862853703770808,0.002602603216082345,0.001929675017669831,0.00561283155787352,0.0068972241047486026,0.0038187328903391917,0.01397762519148331,0.02758750167258133,0.004090489757402801,0.005049175214760132,0.01909007222076337,0.010384357279688587,0.008188296045522419,0.007347900184839115,sad
0.06939668646452016,0.002714004992609128,3.258554204226387,0.14006381557975556,0.171492667791614,0.3902155733460153,0.002709484704839891,0.0825,-24.257072268926272,2.649537483219504,-0.4992531664857428,-0.23362091425464365,-0.024481459403546835,0.5550866716575537,0.46239630769846696,-0.18516413682116173,-0.21843858774138689,-0.2169731564985677,-0.26196823603734287,0.06819246959934179,-0.03485455335498111,0.01668976635253779,0.005612988046089813,0.010008871332904781,0.023926301176058765,0.010501212171999605,0.020934314209470506,0.03296748929264618,0.004780750985628986,0.003322654988429035,0.09995525369293166,0.039299852908238536,0.007485024372185051,0.025689199786609624,sad
0.06408252578930916,0.0025160487257758946,3.2199466982771483,0.15058641574098164,0.1914755749474465,0.3381784343198954,0.0012573715776646424,0.07875,-24.69332473797976,2.584571376126188,-0.4530642123826949,-0.21089662259749797,-0.07071260171082087,0.6299874177549275,0.45790505840971274,-0.0400377237119389,-0.1425959675559171,-0.14577883903896185,-0.19797279550156394,0.10891658855574149,-0.12962467980380163,0.023965151745640987,0.004629619537875565,0.006903516471306388,0.026393253816427053,0.022171685274607632,0.07042010279033349,0.014103846259330352,0.002571311113613637,0.008166477394359462,0.2372526485198621,0.02974285620901349,0.008199931238048415,0.06264169469741669,sad
0.060643951234760865,0.0020942729604812764,3.2727043279554957,0.18521310299368673,0.23411658150673698,0.4034554580245204,0.003268294808369193,0.063125,-25.212684743594682,2.4313541395259386,-0.018570844855939555,0.27161358946653263,0.17761964144312284,0.2674219738663969,0.13476958551326076,0.05849255107706279,0.13285990357698138,0.01847959419374596,-0.22336533617618823,0.007773580489666049,-0.0686075542911877,0.017067361552323246,0.004715971242224835,0.005475830476468745,0.022911407685843422,0.01853197128204595,0.03817517083213984,0.28491143662178436,0.0026456347318178112,0.0016962471723101166,0.11478229221683346,0.13981539552836308,0.004190676772061457,0.08208290022274087,sad
0.06408252578930916,0.001873932056341964,3.2442052456029016,0.1865980628562519,0.22971919445270292,0.44710808374640676,0.000868113242483666,0.06875,-25.2315514472908,2.3328471360659884,-0.019626433023903912,0.29126807768602503,0.2739704661915021,0.3329412190261026,0.18295576929510488,-0.02891532550737809,-0.048395027605995795,-0.16638922065242145,-0.22136912042633486,-0.08209148819094972,-0.08049625002346765,0.02684315788362228,0.0036098704340951832,0.006476626287492929,0.02067631705451383,0.014095181624919786,0.004442096541568722,0.32594159267415745,0.0018574191349242295,0.002269069556129696,0.0565617994229148,0.09618642253496246,0.005814189110940016,0.08830442519854106,sad
0.05376680212566427,0.0019133098145308128,3.2227682113459415,0.16912557487914123,0.2139133023264453,0.43497172349446744,0.0020968992489530823,0.070625,-25.081909782191495,2.3188162019174805,-0.021880963433274083,0.3971938284992317,0.1053619213012222,0.23568047954874705,0.3071158956985546,0.07981038665202235,-0.03605576297743013,-0.1489917924817554,-0.1432859013108463,-0.009335084309124627,-0.13431677597907843,0.025652942927360048,0.00878584102401724,0.014660185806003116,0.002632192048065326,0.024062083535912878,0.06111561808150174,0.07201764778742237,0.002156958362131848,0.011358526303460237,0.259171860506942,0.0959785328102054,0.006039261007819153,0.06989536201348326,sad
0.06345733041575492,0.0019610316619301034,3.1641117654967785,0.15188313040294094,0.19433544672667175,0.44512885630280896,0.0008450086185634185,0.06375,-25.02255885454134,2.4018135543021613,-0.04830180264358002,0.45283514257683954,0.02171264339587386,0.20745996349116178,0.13879607318136417,0.1158935278643548,0.06315343385917911,-0.09550362749408405,-0.18145834922987777,0.09095283940753687,-0.1262480571413054,0.029790034058897418,0.014851387013242928,0.006913215360075658,0.0026970916774687265,0.013742910906179727,0.030737917547975443,0.13319306901687497,0.006340774211669392,0.0077903382795709705,0.2470870269561805,0.09043143331183962,0.0030164334581568725,0.07112363001428502,sad
0.06877149109096593,0.0019804302474658534,3.055187483844948,0.15131451294517076,0.18880936320690553,0.4311240617841186,0.0009607119579362911,0.06375,-25.180472948669042,2.2732656651583385,-0.08300920548621964,0.41168681380299127,0.05986714137354638,0.2884396215070952,0.016255903205295318,0.10692165663292805,0.06367174043809759,-0.2387582727594121,-0.26204613874815835,0.09057772253104834,-0.0830378372428174,0.01876298753245275,0.0036991597896967984,0.005280446202831198,0.002033544798636725,0.012690747480853718,0.053800926088594034,0.21050970859213414,0.004277907280241857,0.008220561810976955,0.30395894647069904,0.022205387243431043,0.0027847643893126007,0.09386565033006615,sad
0.05876836511409816,0.002252683225624198,3.085927170190384,0.1456240810044513,0.18490003629987076,0.3556111617247996,0.001071884825100623,0.05875,-25.303601520195613,2.2422695461887296,-0.09714154967286354,0.41476981518260886,0.11704976277510093,0.35387319485245294,0.15572014665134112,0.1106888729987398,0.02712765648746995,-0.15889922995129183,-0.1940514119684915,0.11349717654296133,-0.026218404835073168,0.03895408055031836,0.004472194425380976,0.014519470548503064,0.006901698729149866,0.006565527666066276,0.044558925981639325,0.3853336786866447,0.002428653746850657,0.0059924125821151485,0.16629861130342005,0.01517808481768329,0.0005749658230138301,0.10814900565769985,sad
0.06970928415129728,0.0017820102725042036,3.131664723018565,0.14891762574155462,0.19097399258707656,0.4117010299296461,0.0016515471601830623,0.06375,-25.38795663113536,2.2997824508099085,-0.11447971884046136,0.3834417525419099,0.11937464110828733,0.2455193985001861,0.03364918848040631,0.07258884182279479,0.10738073153821479,-0.05537751582089806,-0.18147894254291,0.10921947428886203,0.06462145061731843,0.08025726608708603,0.0046101916034756215,0.010040391306832725,0.011119335615388665,0.027751215733388866,0.022143139978434655,0.2209820075347442,0.0011831577427744535,0.0026013692397176746,0.15832154792990233,0.02926017383567667,0.007586524681781427,0.06778262564628537,sad
0.0647077211628634,0.002016000226420999,3.2123790208140854,0.14747298921876914,0.1946422243145466,0.3620216248127393,0.00136595213178916,0.05875,-25.278445730317205,2.4089471750957174,-0.1359673764654197,0.34338408079167176,0.08223235790205477,0.16863805574549218,0.052646874801047724,0.11805148642483809,-0.012893881392932136,-0.027543572700870347,-0.2460727823667293,-0.0776827472786208,-0.0010127184931631164,0.016042412907226477,0.006202075589790938,0.025306530239510763,0.00491458229325621,0.03304441663651921,0.027950210738859366,0.2731587360337171,0.0014482582786149091,0.010990392798703745,0.14912895193462758,0.042202936965057385,0.005629901218969158,0.07747101304372594,sad
0.05095342294467021,0.00230989088305686,3.270037715226284,0.13591576048522153,0.18203769244059367,0.30254997435130504,0.0023259745315581093,0.055625,-25.289632723695725,2.429612612346577,-0.035624280996736535,0.3408318366315997,0.1623907157897205,0.19538002774306978,0.1082790656199651,0.1632890307599323,-0.0604604923888866,-0.1547400913876159,-0.29786649377418273,-0.17395958931937502,-0.09285751406149441,0.05155466379052983,0.002154809972420682,0.009986190783877929,0.01273924195212596,0.010755075078113097,0.11165798143020395,0.08503619395045553,0.001336250865930481,0.013255008177097712,0.18126335376420652,0.021676050055809328,0.0013010954363042225,0.05414796358795319,sad
0.05626758361988121,0.002144356539270256,3.230110690942242,0.13865370481788133,0.18379046891184944,0.3087390346356277,0.0025592773114473744,0.04625,-25.42242892638638,2.3967528210561375,0.027697791475605586,0.4461986370673369,0.234665427713939,0.29071015346985873,0.07333110975978727,0.10602757078489006,-0.08426304759937679,-0.2022380818121488,-0.3444785154104144,-0.11009776473956948,-0.11023409421473666,0.04320353063579281,0.004904755063319673,0.019100313620796918,0.008777666278085145,0.0296140568206248,0.13250745055599092,0.2897749899784801,0.0016730880878873568,0.004920135905001582,0.01464003616623476,0.08593482241055415,0.0035493618803940363,0.08082479848575247,sad
0.0700218818380744,0.0017924660211301251,3.169543351581963,0.14073240872087517,0.18133885051851603,0.42278213857600194,0.0014245427809644743,0.06375,-25.10853892402915,2.5525905664826114,-0.12840562600664104,0.4269681745199042,-0.027908414196374475,-0.05496064458929768,0.017849050486627945,0.18982755540651278,-0.06908577148346144,0.004806850055106569,-0.013435383895031676,0.03045995090169942,-0.14264155033603731,0.049124781781027485,0.0030179872573742705,0.02075089360077539,0.005447388030383461,0.04072180119480757,0.06955331275570252,0.25747200657979585,0.0019132304876322418,0.004000941174493669,0.06782219119990426,0.05610142187837922,0.010214292777312704,0.06764587629129057,sad
0.06877149109096593,0.0013635750771902632,3.2090022535771614,0.15333011888542816,0.18687205845476093,0.5381996059994839,0.0011441197392983433,0.083125,-25.218790444481435,2.429281319093731,-0.21470303658294257,0.3385137541754112,-0.05056714588477815,-0.052574550309349925,-0.04838847145975183,0.21316393995488753,-0.0009417807274029616,0.10206041515929178,0.14016855347493884,0.09704890721203796,-0.16582817031203936,0.04094940568813641,0.009120171208713812,0.01041485391860181,0.007587439662479038,0.061754028496711175,0.036041108105959375,0.3012231276891082,0.0035407101694931876,0.0036123050575717726,0.01800299320929004,0.017627991372720975,0.0041827720481481725,0.0798074193158052,sad
0.060643951234760865,0.0014610977779488498,3.2115716518826853,0.15483879672203588,0.1909378590125937,0.46077500117459574,0.0018843128437183285,0.073125,-25.546918705651514,2.201092220735898,-0.21481382665005896,0.3097679486609499,0.15077615777624567,0.19316020865542227,-0.03581212489422996,0.061928078089106144,-0.06309981647918836,0.022983836937060957,-0.15167011600832053,0.08582538652691653,-0.06077050077190098,0.03679077862257372,0.01269018147685982,0.01371456065001064,0.004301371798280356,0.05931857667611879,0.050881750923441084,0.17085345163423588,0.0020290061892977137,0.0033901949735795174,0.2536355051914224,0.018896471152582136,0.003357906513459995,0.07564962935782385,sad
0.060643951234760865,0.0015274558805261256,3.252006970953937,0.151361626494817,0.18949524017421693,0.45625430789928006,0.0014626247117459177,0.06875,-25.30029653212677,2.392461838070256,-0.06148043502259045,0.2364583821774731,0.040954054061346216,0.062132000991218,0.021385605315852135,0.08164584534149015,-0.12340852174422728,-0.17060984933331896,-0.32237076414719595,-0.03693095744651701,-0.08920498354782985,0.024753850984616986,0.003101251154457246,0.011441588758070774,0.008806726265402605,0.0070074233508830895,0.08505372814730751,0.13981114939952122,0.002347239122383195,0.007885735722068916,0.18071479882778035,0.024983675823879715,0.0028518590465381323,0.057943248271176445,sad
0.06345733041575492,0.0013529115321865013,3.276895287639569,0.15238186724557218,0.18733529732914156,0.4916361461980902,0.0015923123338158973,0.07375,-25.314955499424425,2.336903089612061,0.05497356601153334,0.4249036013626347,0.018417815998597632,0.02533632543940497,0.0638967546423011,0.10099312535604593,-0.20350213943129816,-0.14185513603953587,-0.26162097116103195,-0.04852304007442128,-0.1620891603382537,0.029354877243707195,0.008079317143418042,0.0229267845992413,0.015162051783284237,0.01385541673415723,0.07343446570917718,0.05278202048702143,0.0012883664670894739,0.012598971869838136,0.0636374261300429,0.0209454556364698,0.014189020795171989,0.022218549450125014,sad
0.07346045639262269,0.0013714294957254502,3.289656774197645,0.16482657343395615,0.2016515768051076,0.5040385060389524,0.0012130379028901803,0.0775,-25.335372313087223,2.389322728948538,0.040456136261912926,0.3884184161413488,0.16476549285138198,0.14824263359056275,0.0831917189280411,0.11950060023952669,-0.041090107434091035,0.053398621996520686,-0.11958956633352126,0.020591919475744135,-0.09107550919261652,0.041300811821266104,0.006196460079940773,0.014544434980834584,0.022402742324587128,0.025890835494102826,0.03957584697911307,0.09887534012352875,0.0009996398565020163,0.0232011539164729,0.06921679967349458,0.060985813066093,0.020504016552092635,0.027356786324575937,sad
0.07502344482650829,0.0013763037914952625,3.262470556656611,0.16718271687268144,0.20332740693532522,0.5201725945231653,0.0013748712912477828,0.075,-25.286053823066105,2.4113570080155418,0.03236173834191754,0.2153408978893581,0.06954850810863142,0.0990790113975677,0.13931554880774558,0.2590435373382184,0.12129409225519462,0.09283621026921701,-0.13174050557370312,0.07755046011032055,-0.05345597812668889,0.03376548600476282,0.0058334776620254936,0.021521300700867572,0.013452985464907039,0.020493496804332084,0.1691916524625481,0.08343934435347569,0.0017373796266028205,0.0116503965038756,0.06241083860072812,0.05701610307650975,0.00638639164135947,0.046003460164783766,sad
0.09721788058768364,0.013330176729944654,1.9393798849108332,0.22274553850024842,0.22000399007278879,0.9299572607942002,0.003153461965114281,0.138125,-21.616062735872305,1.6844248704346807,-0.5080302433652525,-0.9025901254045935,-0.18866501496405,-0.1517710151849822,0.32527843487348085,0.2848101277566681,-0.14572762065954198,-0.35367759322253023,-0.09037133990696293,0.5252956146004137,0.10141792621940972,0.004854792093973909,0.00525226577923434,0.019361303765605513,0.020482044142232095,0.00895664830039038,0.010229854547690407,0.03390340895985567,0.0018626068485114123,0.008564006640346592,0.025838223195251232,0.009606780355945288,0.002589284288521723,0.009620047495640148,sad
0.16005001562988433,0.016230209480406786,2.514411973401594,0.242220308544123,0.22519235329473355,1.1317269505852126,0.00031180496711048284,0.255,-21.212317458000552,1.5493611569276335,-0.39737782554034135,-0.8527838759599753,-0.24808570460133866,-0.11245963325311585,0.3026126564965744,0.29179809079145025,-0.1569698625707651,-0.2752193742203421,-0.11031740477345077,0.4311695637401139,0.0626156886003033,0.0033410240956925643,0.00681180554652064,0.023324111711050192,0.010971097507990869,0.0074246948826190914,0.012132986478152436,0.055090824711168794,0.0021332337936782546,0.00708175308050946,0.03362063016560676,0.005741660206023277,0.002096644857614144,0.015220199583645186,sad
0.1609878086902157,0.0050336521596700415,3.117246335393628,0.2700841477993664,0.2384139413570637,1.6649164409852992,0.0010273530672314504,0.364375,-22.353501910683406,1.4424088954634378,0.07836209873136962,-0.281593098548478,-0.0946441396972653,0.11108037526366045,0.25814669138803364,0.17415094832798175,-0.06022902233647051,-0.021698172114288206,-0.10549637994714228,0.20634360319920303,-0.1336632379236029,0.005533972792525566,0.006558434821464826,0.005678405299918636,0.010485956854283447,0.014034615461971022,0.017477654275642563,0.1021574999477588,0.004722535812915856,0.002785653535227463,0.07952917228833666,0.01413139900533891,0.004165208038411978,0.03132368607155303,sad
0.11659893716786496,0.002812470880143204,3.2885903424216125,0.22629442612812292,0.22432886913625727,1.2108856051023686,0.0006443463744543743,0.2275,-23.3632721342318,1.5985250922415277,0.09995928674112059,0.06127323982966816,-0.05248097117053223,0.22847635487231732,0.19788862270681187,0.2177985477183017,0.02798786161046331,-0.20589599956224655,-0.305174045059888,0.009392607871581036,-0.06644207822976533,0.013008064457442512,0.014613953721058724,0.004470449260104482,0.0040399307428145475,0.02879581194789319,0.010628963659995981,0.07817060723593418,0.0035785586268393546,0.004884183800052173,0.18490794134288854,0.022603843827827406,0.007976505267118253,0.05032170957643234,sad
0.08190059393560488,0.002366161383967585,3.247934903377878,0.19087007103118417,0.2099296671530709,0.709484625781544,0.0010968171033779246,0.11,-24.279921030602186,1.883602540283524,0.057491795510575684,0.10757787927915902,0.01738967513559026,0.23874627261435094,0.11334556730093466,0.20222937533901886,-0.14287666707955998,-0.227757528556167,-0.22935499083526778,0.008001774177956512,-0.1349993919402952,0.01762469282665059,0.01198765682171639,0.006462682599643187,0.0054436034393974,0.030709866874842683,0.038495229837136935,0.04602372776150301,0.003276045570577923,0.004207457810245493,0.3158354226651597,0.03111008680516861,0.004692082483938828,0.08349775459622417,sad
0.06845889340418881,0.0016272093640744192,3.1761332256245716,0.16136166960370152,0.19653925017880503,0.5225589866649826,0.0013187236291720811,0.0775,-25.11987164956028,2.20037860972187,-0.02810276677648482,0.36682394849604194,0.10683149375790996,0.31576994937171515,-0.03474982269243123,0.17956437698902383,-0.15826953149356895,-0.1077552701105474,-0.2348731809715386,-0.05455258789763658,-0.20837802952703113,0.0227335233425724,0.014974138257774407,0.014935027365251504,0.012632848086116462,0.021100079536368627,0.041386157453692674,0.19985792827626475,0.002060055357390283,0.01775553745773543,0.1676762441846193,0.006765771466922759,0.0034567221655813626,0.06371777871082811,sad
0.060331353547983746,0.001489990258672019,3.242684056114578,0.15659687594212773,0.19346510273968326,0.4589964568667898,0.0010547926727414057,0.07,-25.430600787492118,2.2756694865541935,-0.04211096183188081,0.2629389634378869,0.09600900635325618,0.34420543961168426,0.08578779375431567,0.19554285212541753,-0.16925555742215373,-0.15052869122864673,-0.1823113996933046,-0.05776985258354134,-0.19207541309561194,0.04827248557503331,0.0038575289143515028,0.016614045718734875,0.006176353536175631,0.008415267496603958,0.0778604864745991,0.13176648539972957,0.0015489053263264554,0.008857082633948242,0.25078925028077886,0.01024383851676869,0.004173790879818218,0.07206095468126394,sad
0.06376992810253204,0.0015246504759017765,3.2769054522368726,0.15129657276495573,0.1910259945773195,0.46077928501870014,0.0015747246346787091,0.0675,-25.327219813995114,2.383428560941467,-0.006609784968600893,0.3293129471858837,0.035367226188869276,0.19053702125298638,0.048152067753816565,0.15488900766093172,-0.07625775998386496,-0.07773393719029731,-0.23299490993388533,-0.050328883033788054,-0.11541666814258301,0.02096011950887806,0.0029108242368988905,0.013635511645406617,0.012513102593955962,0.03664859649668804,0.021140738018160077,0.06887161317898743,0.0003499889006940814,0.005458532241186265,0.1829101600168581,0.04399812920494354,0.003311094967184525,0.048787360046493804,sad
0.06533291653641764,0.0017314214837217312,3.104427744587646,0.15075959362352367,0.1955696650303681,0.41419298814650357,0.0006635937637359094,0.06375,-25.269258540656292,2.449147374139064,0.07501677729722525,0.40845014735686797,0.06286077833105602,0.25959206227776044,0.05569105410737118,0.17498789802489398,0.02928345825747965,-0.038350001643734984,-0.24269327148361017,-0.07714368597887776,-0.08278398289510042,0.021409481260257785,0.0016869067932830126,0.012975379514744402,0.0060705643443216845,0.016875197780100944,0.04198044765056125,0.07221369561445058,0.0003602269164310902,0.005308725674056373,0.2387069545867675,0.034297825027400045,0.006641768483689977,0.06366419117945574,sad
0.046889653016567674,0.0027688229615326697,3.144436915471603,0.1356023969662494,0.18315769623749034,0.2643384676557517,0.0016437470636587001,0.035625,-25.335016197717998,2.4353446976688615,0.08007435265963493,0.39667500565470093,0.18441571510230662,0.28503246068628585,0.12393313535939077,0.1696040844954639,-0.06030925576818965,-0.09476928980457763,-0.1916482424500842,-0.06059162954142418,-0.1135827717400951,0.03763477276825618,0.0011938735643752202,0.01167005588110906,0.004116648279469785,0.01720777437478307,0.03943212564182492,0.18646562719562093,0.0002589372798944406,0.0056986513690321745,0.3385774049877237,0.0369690664425978,0.006143590452131594,0.09794507676062529,sad
0.0578305720537668,0.0025342270352059154,3.1815831413660827,0.14256696939298935,0.19044305202617967,0.3182080350345979,0.0008931211298940797,0.035625,-25.35816498703355,2.368156237413204,0.0020504490233078207,0.4828461847545726,0.25962370003519025,0.25943508949861127,0.12470966155121388,0.18562812098379836,-0.04688417461844373,-0.025187953240306864,-0.134867323094847,-0.015289310775977625,-0.21200461361060408,0.03882195377186334,0.0029859373824295686,0.017251569729518506,0.00219805411927205,0.005276192968339147,0.037654778365656574,0.18511580959433557,0.0017606514114080513,0.002921331743329878,0.3244923540735639,0.046430786669748016,0.003510604719576778,0.09476947688002932,sad
0.07939981244138794,0.001644751667763591,3.269700750425028,0.17317182921184493,0.2048651662944425,0.5255322944218572,0.0020068184671728833,0.0775,-25.118853300476903,2.160365240236975,0.06972797946982383,0.2685406050360744,0.17937822722402033,0.32812403883446595,0.14656065784800126,0.18330524615510532,-0.05553697180763093,-0.07839440768107403,-0.14543328635013447,0.02395449580452124,-0.18839098981004102,0.02784218727950462,0.0035593201157321443,0.003808883299180967,0.008507722035999575,0.021966707288717875,0.053140419817696204,0.036853713991981396,0.0012815640225952948,0.010078540242812966,0.23540616507833215,0.01708178861473163,0.010214900166024195,0.06195761508964812,sad
0.10722100656455143,0.0020557441536798345,3.238761860047686,0.20776369479889972,0.21762447454446437,0.9787396401261371,0.0014700216324827213,0.185625,-24.15488943483629,1.6555660819611513,0.1173626211378644,0.21350301615395906,0.07135011705244836,0.3512773621910748,-0.07262297412243078,0.19533814116500345,-0.07359245512576919,-0.006143405124543513,-0.22040827122679785,0.1581959710733656,-0.22288353440859798,0.02436086923737528,0.011628510800107818,0.029638568045043077,0.007235580541328779,0.033584712269181145,0.026007569030461447,0.06600084169157971,0.0034222635761132106,0.02887728892330335,0.11263098135866607,0.03180184694671005,0.003559382103056092,0.02946903423878919,sad
0.13754298218193187,0.002962882619605149,3.2702956789289543,0.20843389353575395,0.20222035562272941,1.3622906852365848,0.0008389138269116293,0.269375,-23.15845512987125,1.435358937956235,0.02554159841099537,0.20733603100336306,0.059848082454863734,0.3387751033701173,-0.188099545199088,0.19195377816110532,-0.14045807846574013,-0.07877981230625944,-0.31083856508694124,0.3293365833559068,-0.13898230788064797,0.01120767884367781,0.010212595622786142,0.02387011655217101,0.008765752832441537,0.01792563042175118,0.049719036622423225,0.04384377203431159,0.0018054490083862982,0.007870133468643844,0.03249035117450541,0.057513171876670884,0.010116236354560368,0.017807697610547533,sad
0.13597999374804626,0.004743101573343882,3.234920817786577,0.19374481553226067,0.18677584063700048,1.37414409165078,0.00081853102556697,0.28,-22.624199830880553,1.292650157541975,-0.08348740121849835,0.16512137779599184,0.12462343694162574,0.3818759934299753,-0.28599625167309684,0.23190084749322568,-0.18556395510228763,-0.13993804229047208,-0.2712773485598809,0.3780448439502726,-0.15247167679834103,0.02602798184105082,0.0018555225059339038,0.009247014593172188,0.009572223305599805,0.011779604416649088,0.018898603510650033,0.09255423582049621,0.00293617944604055,0.0028835783163424474,0.07903580882029704,0.051437382138147844,0.00340554328023289,0.030071880248709493,sad
0.10253204126289465,0.012610145476137216,2.944534777493492,0.16959889700802797,0.17032019570296708,0.8084987317588705,0.0023051348521352303,0.128125,-21.927419423136502,1.585676601205547,-0.25873142576043673,-0.20091270027069086,-0.12790866678830454,0.3606250371940518,-0.41357967248266286,-0.20493501206393827,-0.7343867663924498,-0.3662598958699336,-0.08789382797207722,0.8592450872878286,0.11299784818415713,0.0037468479837206416,0.003169143524605848,0.0032797597323673496,0.0019880329745777517,0.016706855566125587,0.023949291993774036,0.07449034519386012,0.0015233746453638983,0.0010300420676579915,0.034703724866318265,0.005537503710074373,0.002573059944536465,0.020816505036370374,sad
0.08471397311659894,0.05673067462130642,2.720181504850561,0.1575205916593733,0.16058666714333772,0.3314755908415768,0.005169391103515305,0.078125,-21.45484486947429,1.615645511278616,-0.2185772368270553,-0.5162966513301694,-0.3200778465207585,0.25684074045905303,-0.4064402488503984,-0.5548435926360966,-0.7633237316173953,-0.3612346382481518,0.41026312156235045,1.0871223822099383,0.1598968251077044,0.0005702307754102958,0.0006718394944632773,0.0007451801363626133,0.0009832463120966037,0.006147247017428447,0.011054067802271448,0.01759114749940142,0.00033025189015350824,0.000669201715186034,0.0026330465793230253,0.003158103354174057,0.000287558212533094,0.005177787156015291,sad
0.07971241012816505,0.07497591295164895,3.0851558221402198,0.17549543795924397,0.1792211658892179,0.3183454850483444,0.00247189262194784,0.078125,-21.433207220652022,1.5257466531993618,-0.22637773941929498,-0.6933452317045169,-0.00249362318270493,0.4170175952015163,-0.4701277665315722,-0.768940888725209,-0.7865938474261098,-0.37215542475370383,0.5363649026605376,0.8971231639415536,0.262919458373975,0.0020852999095159934,0.00016093995744717262,0.0004707076526750852,0.00041653551071922944,0.0037639339726442092,0.00704911701682786,0.10719969878324946,0.00038009684816635043,0.00028421362715717993,0.002069180552222,0.0006679626043116365,0.0003100363301771026,0.029249402071303745,sad
0.0840887777430447,0.03434408597180192,2.94178884846377,0.17459121454710474,0.17664052622934562,0.4426968638991782,0.0027499961506058136,0.078125,-21.982638267974835,1.7215707530379605,0.187396535982805,-0.5326785901258351,-0.019989792359347062,-0.0006579063711812148,-0.4177242207347962,-0.5470767386292347,-0.8972833603079373,-0.5730611224021844,0.3456556896495399,1.0018752896922132,0.4158944340668355,0.0029379060187153133,0.0004970093296721672,0.00092096188056814,0.01115586322981453,0.002448836754371352,0.01369651671501555,0.11758143975423442,0.0004444388043648296,0.0006514156885163505,0.013309501445778478,0.0030747541019857084,0.00023611564150181162,0.031645979688912126,sad
0.09252891528602689,0.022887565409543606,3.0023964970197383,0.1678015283882492,0.1711401016155686,0.5293738803930288,0.007199479385472212,0.094375,-21.79181918710202,1.7527176879198827,-0.2368511069430853,-0.5154126899250389,-0.4074558268938779,0.5056199214741874,-0.2767707974602705,-0.049895264329803776,-0.4499145784443997,-0.8115583229027854,-0.309573317360787,0.4608194084874934,0.6860781352020868,0.0014861352960630918,0.0006319418708315732,0.010288355068782265,0.013337124641184682,0.007811776235922805,0.0028995572812944726,0.008906024420690543,0.000737710567317795,0.0011617284618536282,0.03922755274130084,0.0027762761411681052,0.0009609887277342798,0.010432440507283768,sad
0.08971553610503283,0.028002994572777683,2.9770636370825407,0.15738636987318108,0.1552567251622408,0.5006666987951102,0.0013813401890891686,0.095,-22.273000480625424,1.5487429377343231,-0.4780935410745732,-0.13040844566054582,-0.5014860733652153,1.0551312855344221,-0.19678096561898678,-0.06999081053284271,-0.4224050030484677,-0.9897893348183315,-0.4221838352809364,0.40838291762827406,0.9002194116758702,0.0017604946307696221,0.00045831999919482465,0.007983141356326029,0.012184027179760745,0.01081311437810319,0.005068862144571557,0.014394397576795361,0.00013152458638630445,0.0012254183619510052,0.015937976708261463,0.0009562892645465366,0.001344226278980789,0.005689657185068731,sad
0.08533916849015317,0.03156063242779164,2.9194358897528936,0.16564314681100267,0.18209926110921273,0.4554624082634605,0.005195849110025399,0.07875,-21.5143658910815,1.7672206869295821,-0.5914720566346695,-0.8595600080324073,-0.28737989149303417,0.9101400999459106,-0.4334120802268498,-0.43333036949931303,-0.6517517905874253,-0.5785058803557416,0.09361600393349417,0.6630196431378619,0.6217661358232427,0.001836675069675902,0.0003827903443472009,0.0019235946650852508,0.011652035567026778,0.005467408403297044,0.008685619394887248,0.019993359275606224,0.0002439414474108858,0.0002955507846750514,0.01209023993658601,0.0011959660278923416,0.0017522403977013466,0.006063178256818573,sad
0.08096280087527352,0.0271651708621247,2.9212594204090867,0.15750332715521692,0.15934964222555859,0.5053701754630687,0.00222774086309166,0.07875,-22.409762087193705,1.6463017057259777,0.048629208527143246,-0.5079264219344006,-0.1718335185417799,0.3125826225536617,-0.337512230382081,-0.3386969100884945,-0.8986754107610722,-0.3087985773302036,0.5689570528454482,1.0751777069089397,0.35816512801309963,0.0013301925114890614,0.00048126174795084446,0.0010838198406695992,0.0010603127440915727,0.0021826610812160836,0.02550264756971312,0.01840091024407379,0.0007076756301955989,0.0008753853898855532,0.013485420590208961,0.0008342154955107457,0.0003355111039623366,0.008245645125686067,sad
0.07908721475461082,0.020972161687204064,3.157287894750617,0.17968766210274814,0.1851253982182344,0.5792226950790352,0.002194790898962967,0.07875,-22.701390765161364,1.515346981414522,-0.26159873756439006,-0.39061647141602424,0.1853012213912564,0.41115182976138687,-0.37241858989036475,-0.5515045983129953,-0.8399502561952813,-0.2625175284553548,0.23652463464835938,0.802477783530618,0.39637566089181486,0.001738703285391617,0.0006203381807961475,0.0012192127651886086,0.0008561104552047146,0.005065191726060001,0.023902322862659756,0.02147696322814366,0.0002931195477424822,0.00041393722414340313,0.024316763431595247,0.0008841409922598462,0.00032090794059042575,0.009609484587883214,sad
0.08877774304470147,0.024561077017048412,3.265683392334823,0.1696809589908378,0.16878604349658147,0.9124664294108138,0.0026123289333186165,0.10625,-22.371951759144412,1.4265663371050357,-0.5339537909564954,0.009175239699582984,0.2700845842163833,0.10460411484298758,-0.41477737455478353,-0.5203379601716813,-0.5703366453895712,-0.011478881536164437,0.18560735649438886,0.8140913498786956,0.7723259202873567,0.002349957794947704,0.00016050088522563766,0.0012499870813039759,0.00036970421127584854,0.027807004402221933,0.012916906277010235,0.02551243236798843,0.00019306088503618645,0.0008254571262394293,0.015043604073092796,0.002197229853236169,0.02589368222981814,0.010830716900698097,sad
0.09846827133479212,0.0172287149382255,3.1730628662009255,0.15953271642420958,0.1614688161141539,1.162119367367575,0.003363274799725355,0.10625,-22.728930247821197,1.6746215315869564,-0.6531620988505966,-0.09953280033906425,0.27854319485121626,0.06053067902006816,-0.1675381480689545,-0.30010077904886723,-0.5183989416103626,-0.48972210880337613,-0.2558965467294354,0.6084221720909048,0.955228715001052,0.006432859646874879,0.0005033593984789227,0.0008072483021827567,0.00606101829335617,0.05926244884508859,0.007379808275729665,0.014027898220941571,0.00017733971626106645,0.0011324370049213249,0.007884235479935695,0.0005094203432097188,0.054674959822132045,0.019984436814047817,sad
0.087527352297593,0.017355618382562686,2.7226393729789393,0.13228865898783276,0.1432776771059357,0.860287132608515,0.003996469755622381,0.105,-22.519314321828936,2.4000501116284942,-1.4085017904373514,-0.12250250213073478,0.48363231812489504,0.17772621452286225,-0.20722300080641,-0.6989881243934254,-0.5478828787996689,-0.1884551463557462,0.0644879758432859,0.6499263710903924,0.5492614567712646,0.0029186079229038845,0.001794047814528428,0.000746400372820672,0.003802623987001745,0.00827088660682989,0.005427974683139809,0.049678319740274195,0.001515487726767734,0.0008997799839707694,0.008348062846955112,0.002795009738947745,0.004534665854769288,0.012934801114115298,sad
0.07689903094717099,0.026765843396583933,2.9382141546719835,0.13561979764031445,0.1498401284912237,0.4820501411742751,0.005028775523987015,0.08375,-22.986306744266518,2.3214644875390156,-1.0865261400010338,-0.12192919442464639,0.29032056585402605,-0.06742694117039871,-0.21638281538114015,-0.7070827279815052,-0.2878565654189012,0.07466053790745865,0.7299764248381105,0.8925395877975093,-0.09254600708726615,0.0014029849979365148,0.001198705122754738,0.0010345370353108656,0.0007568363885245313,0.0015158694990757904,0.001864579407597259,0.06222306181401655,0.005554643587540091,0.0025645178428373313,0.012267678728351421,0.00060948164921315,0.0003007830989699098,0.016773928951011156,sad
0.07596123788683964,0.018200191768291483,2.7835715963872314,0.1415264709473412,0.1657802424402032,0.6095510348511283,0.00221095073724266,0.1175,-22.85869197681714,2.455620125425491,-0.9816130618786888,-0.24774007951500754,0.18220697087120288,-0.04966965235690284,-0.29685079552289756,-0.7302092292849234,-0.2971154230476477,0.09291125972822781,0.8068765306912649,0.8319575699816288,-0.2501182907568771,0.0020073215288240456,0.001752552861419484,0.0011291574794490432,0.0011920104699465566,0.004003728987476909,0.005757928718698253,0.07466442105141095,0.015348288465090783,0.0064850507576488916,0.01724909446750147,0.0028080386650492883,0.0009697712112675213,0.019865172279551795,sad
0.07377305407939981,0.003583726772932784,3.021092071984165,0.1450368079407418,0.17827015155080636,0.6975232974783683,0.005373032066490443,0.11875,-24.061559826862574,2.5504507302504655,-0.4296757132973721,0.13287741477856507,0.05680537722161479,-0.24088195954696548,-0.40729348299468005,-0.2038878683771053,0.12115113914540221,0.09692699276723,0.3777460275875746,0.3568125967994228,-0.34530509603335685,0.008783814689436549,0.012590547444537671,0.0037382987641107496,0.00290435506316717,0.014024259346782138,0.050559024280454674,0.06559026419312558,0.009433136003701749,0.01886767197472008,0.08810272642081662,0.010896220715081966,0.0019477494594107758,0.027014804964142013,sad
0.061269146608315096,0.002384479893477574,3.166143490830268,0.15729103481179293,0.20551322265145447,0.3614868687399925,0.0027594512417213413,0.06,-24.987682863551495,2.535065772428823,-0.024520103790980057,0.15537329634718264,-0.0512023762279974,0.044242557606659245,0.013247808349247202,0.09208719540458005,0.058693589054359,0.004027121554761993,-0.0837152225022538,0.1019513392056452,-0.12448880002998448,0.02445164057354233,0.011275353356060051,0.006635584517635735,0.005623644926998547,0.003116380708270885,0.07689684410183131,0.3412643820287468,0.0008689827848097604,0.004857571237321394,0.047702937234529404,0.07241344539696633,0.004272010286738454,0.09165554002550028,sad
0.053454204438887154,0.0020246326230502643,3.2180555270092768,0.16363230167943554,0.2106973889003976,0.3721614699767369,0.001664122084672086,0.059375,-25.328029388578056,2.394200114665831,-0.013706260927703154,0.24077339020871097,0.0490037892328951,0.17970906832021952,0.09850866852752718,0.1290761164975057,0.028983465569983758,-0.09520889473433683,-0.24625352142602297,-0.016233270829835496,-0.10780046812515956,0.1561012865453124,0.004208515801178244,0.011142467323889,0.0020031325108139184,0.0014162608355298338,0.05313200807964116,0.17548574066672407,0.0008526151333810054,0.0017151115473487087,0.1900781932336201,0.027665836116976997,0.010077750618115906,0.0716766809013129,sad
0.06627070959674898,0.0016475936170209477,3.2550259911479014,0.15189287360061995,0.19417569388803907,0.4151735616592252,0.001649103525313574,0.06375,-25.321357475784765,2.4368751950744496,-0.024896087740404638,0.28173591732490005,-0.013780778562630134,0.2084852741681848,0.13241548813560736,0.12355654324456898,-0.03265202237762435,-0.06141175806069689,-0.1409529233113588,-0.002615166690285713,-0.18666478245775434,0.07012031845577005,0.00554731643118593,0.025333657930200183,0.014209982694329442,0.0624200371130714,0.05114772699475534,0.19516072020232825,0.0003944077740160848,0.006509548236264455,0.08418141581261912,0.04070349317609877,0.010284480580439835,0.05210999836061841,sad
0.06345733041575492,0.0018829823776041206,3.2375817424186035,0.14687501035240622,0.18861117665105737,0.3879468655820095,0.0018574240193588313,0.06125,-25.35625730813179,2.343424241284602,-0.04530085092605847,0.33274139237623734,0.06033269406509195,0.26148005924937423,0.1399106881626724,0.21478089779440518,-0.019462415916383435,-0.00740857793522856,-0.14021358937389253,-0.11588063049400668,-0.19824053151424958,0.02930605319088453,0.005141119658418076,0.012761666505827642,0.012141831838009449,0.009449589151079676,0.17723247969175224,0.24220884949244098,0.0022513085263049584,0.02464980491524546,0.018378217343302337,0.03974840917922644,0.009037928937848634,0.07400257982242292,sad
0.04657705532979056,0.0019932247952940078,3.2411291115460843,0.14322021427026452,0.1876817193920944,0.37372732386689206,0.0016267021730584973,0.055,-25.375304648713204,2.3215610004078493,-0.012430466047064423,0.45604323838926203,0.08645826562683626,0.22369394319816865,0.11654941486625985,0.21225702251316644,-0.0007265610984603097,-0.011709698677544476,-0.11685435016909698,-0.22203440902825475,-0.18380831927552016,0.02746465827623249,0.005251076494695432,0.036185318583049145,0.004517878549118749,0.04787483058925121,0.11147377890651847,0.19942433511064098,0.0006808349469599114,0.005252044729290943,0.06737640454871914,0.02298396661299363,0.006822522482445471,0.05617165031685319,sad
0.046889653016567674,0.001919198926953723,3.2629254618917463,0.14325224363390554,0.1866421326353208,0.38293758384516285,0.001449982790890658,0.055625,-25.390782781815695,2.3211145388349825,0.016865994656370786,0.36718113224190063,0.10297879592555009,0.23509519937869422,0.025351696603206898,0.2636577563454029,0.06258789469246605,-0.09946804764183363,-0.11239774046766011,-0.09171741738129202,-0.12511653254393923,0.029156646368482,0.009542234511083719,0.020981193472337522,0.0039898811421647815,0.027479754510220854,0.16583146617124875,0.09704074572201571,0.0017954121567205026,0.012994958219128508,0.08398475481487012,0.0851325400137395,0.009015664529011938,0.048900138899964606,sad
